voteModifiers({ExplodingEnemies = true}, 0.000)
place(10.951, 0.971, 23.828, "Cowboy", 750, 0.000)
task.wait(1)
upgrade(10.951, 2.321, 23.828, 250, 2.510)
upgrade(10.951, 2.321, 23.828, 651, 28.211)
place(10.922, 0.969, 20.819, "Cowboy", 757, 48.979)
task.wait(1)
upgrade(10.922, 2.319, 20.819, 384, 50.309)
upgrade(10.922, 2.319, 20.819, 577, 70.625)
place(13.995, 0.976, 24.009, "Cowboy", 697, 78.752)
task.wait(1)
upgrade(13.995, 2.326, 24.009, 217, 79.743)
upgrade(13.995, 2.326, 24.009, 1266, 92.290)
place(17.081, 0.980, 24.041, "Cowboy", 726, 99.628)
task.wait(1)
upgrade(17.081, 2.330, 24.041, 285, 100.729)
upgrade(17.081, 2.330, 24.041, 589, 108.708)
place(10.855, 0.974, 26.855, "Cowboy", 995, 114.729)
task.wait(1)
upgrade(10.855, 2.324, 26.855, 697, 115.724)
upgrade(10.855, 2.324, 26.855, 639, 124.087)
place(13.903, 0.978, 27.034, "Cowboy", 627, 130.959)
task.wait(1)
upgrade(13.903, 2.328, 27.034, 227, 131.823)
upgrade(13.903, 2.328, 27.034, 1258, 137.806)
place(16.958, 0.982, 27.051, "Cowboy", 936, 140.643)
task.wait(1)
upgrade(16.958, 2.332, 27.051, 436, 141.540)
upgrade(16.958, 2.332, 27.051, 636, 148.394)
place(17.072, 0.985, 30.100, "Cowboy", 2248, 160.159)
task.wait(1)
upgrade(17.072, 2.335, 30.100, 2001, 161.238)
upgrade(17.072, 2.335, 30.100, 1851, 161.572)
place(14.002, 0.980, 30.072, "Cowboy", 1301, 165.577)
task.wait(1)
upgrade(14.002, 2.330, 30.072, 801, 166.456)
upgrade(14.002, 2.330, 30.072, 700, 166.876)
place(11.000, 0.976, 29.885, "Cowboy", 858, 172.426)
task.wait(1)
upgrade(11.000, 2.326, 29.885, 461, 173.240)
upgrade(11.000, 2.326, 29.885, 571, 174.905)
upgrade(10.922, 2.319, 20.819, 1572, 185.273)
upgrade(10.951, 2.321, 23.828, 1761, 194.672)
upgrade(13.995, 2.326, 24.009, 1869, 200.687)
upgrade(17.081, 2.330, 24.041, 1704, 212.054)
upgrade(10.855, 2.324, 26.855, 1742, 219.604)
upgrade(13.903, 2.328, 27.034, 2399, 225.203)
upgrade(16.958, 2.332, 27.051, 1720, 231.171)
upgrade(11.000, 2.326, 29.885, 1703, 240.019)
upgrade(14.002, 2.330, 30.072, 2802, 247.668)
upgrade(17.072, 2.335, 30.100, 1819, 254.063)
place(16.071, 0.974, 18.749, "DJ Booth", 2752, 263.607)
task.wait(1)
upgrade(16.071, 2.339, 18.749, 1671, 264.701)
task.wait(0.5)
switchTrack(16.071, 2.339, 18.749, "Green", 265.454)
upgrade(16.071, 2.339, 18.749, 1801, 265.969)
upgrade(16.071, 2.339, 18.749, 3014, 272.301)
ability(1, 274.251)
activateAbility(16.071, 2.339, 18.749, "Drop The Beat", 274.334)
upgrade(10.922, 2.319, 20.819, 3013, 285.252)
upgrade(10.951, 2.321, 23.828, 3429, 295.168)
upgrade(13.995, 2.326, 24.009, 2758, 306.785)
ability(1, 308.083)
activateAbility(16.071, 2.339, 18.749, "Drop The Beat", 308.189)
upgrade(17.081, 2.330, 24.041, 2958, 312.550)
upgrade(10.855, 2.324, 26.855, 2908, 321.966)
upgrade(13.903, 2.328, 27.034, 3261, 326.482)
upgrade(16.958, 2.332, 27.051, 3047, 336.651)
ability(1, 337.783)
activateAbility(16.071, 2.339, 18.749, "Drop The Beat", 337.883)
upgrade(11.000, 2.326, 29.885, 2947, 340.699)
upgrade(14.002, 2.330, 30.072, 3576, 350.782)
upgrade(17.072, 2.335, 30.100, 3777, 357.598)
ability(1, 361.615)
ability(1, 364.049)
ability(1, 367.495)
activateAbility(16.071, 2.339, 18.749, "Drop The Beat", 367.598)
place(-30.938, 0.991, -33.616, "Mercenary Base", 13180, 387.066)
task.wait(1)
upgrade(-30.938, 0.966, -33.616, 12060, 387.930)
upgrade(-30.938, 0.966, -33.616, 10710, 388.247)
upgrade(-30.938, 0.966, -33.616, 8449, 388.797)
ability(1, 397.216)
activateAbility(16.071, 2.339, 18.749, "Drop The Beat", 397.298)
upgrade(-30.938, 0.966, -33.616, 10138, 412.695)
ability(1, 426.499)
activateAbility(16.071, 2.339, 18.749, "Drop The Beat", 426.620)
upgrade(-30.938, 0.966, -33.616, 14585, 442.262)
place(-36.164, 0.991, -33.675, "Mercenary Base", 7127, 455.960)
task.wait(1)
upgrade(-36.164, 0.966, -33.675, 4497, 456.761)
upgrade(-36.164, 0.966, -33.675, 3365, 457.285)
ability(1, 463.949)
activateAbility(16.071, 2.339, 18.749, "Drop The Beat", 464.063)
upgrade(-36.164, 0.966, -33.675, 7847, 478.697)
place(16.938, 0.976, 6.710, "Mercenary Base", 8894, 493.181)
task.wait(1)
upgrade(16.938, 0.951, 6.710, 6144, 494.070)
upgrade(16.938, 0.951, 6.710, 4930, 494.312)
ability(1, 502.194)
activateAbility(16.071, 2.339, 18.749, "Drop The Beat", 502.295)
upgrade(16.938, 0.951, 6.710, 7016, 509.016)
upgrade(10.922, 2.319, 20.819, 9464, 526.787)
upgrade(10.951, 2.321, 23.828, 4842, 527.760)
ability(1, 531.059)
activateAbility(16.071, 2.339, 18.749, "Drop The Beat", 531.161)
upgrade(13.995, 2.326, 24.009, 5217, 533.360)
upgrade(17.081, 2.330, 24.041, 8342, 548.362)
upgrade(10.855, 2.324, 26.855, 6794, 557.325)
ability(1, 561.076)
activateAbility(16.071, 2.339, 18.749, "Drop The Beat", 561.204)
upgrade(13.903, 2.328, 27.034, 6440, 562.406)
upgrade(16.958, 2.332, 27.051, 5313, 566.915)
upgrade(11.000, 2.326, 29.885, 4837, 572.076)
upgrade(14.002, 2.330, 30.072, 6372, 579.726)
upgrade(17.072, 2.335, 30.100, 5030, 585.278)
ability(1, 591.226)
activateAbility(16.071, 2.339, 18.749, "Drop The Beat", 591.291)
switchUnit(-30.938, 0.966, -33.616, "Unit 3", "Field Medic", 595.697)
upgrade(-30.938, 0.966, -33.616, 36833, 627.331)
ability(1, 629.256)
activateAbility(16.071, 2.339, 18.749, "Drop The Beat", 629.357)
upgrade(-36.164, 0.966, -33.675, 10033, 633.823)
upgrade(16.938, 0.951, 6.710, 9073, 649.314)
task.wait(0.5)
switchUnit(16.938, 0.951, 6.710, "Unit 1", "Riot Guard", 650.091)
switchUnit(16.938, 0.951, 6.710, "Unit 2", "Riot Guard", 650.424)
switchUnit(16.938, 0.951, 6.710, "Unit 3", "Riot Guard", 650.790)
ability(1, 658.539)
activateAbility(16.071, 2.339, 18.749, "Drop The Beat", 658.639)
upgrade(-36.164, 0.966, -33.675, 14723, 688.208)
ability(2, 690.625)
airDropAbility(-30.938, 0.966, -33.616, "1", 213.368437, -22.240999, 1.125000, -3.575719, -0.729654, 0.000000, -0.683817, 0.000000, 1.000000, -0.000000, 0.683817, -0.000000, -0.730)
ability(2, 691.719)
airDropAbility(-30.938, 0.966, -33.616, "1", 213.368437, -22.240999, 1.125000, -3.575719, -0.729654, 0.000000, -0.683817, 0.000000, 1.000000, -0.000000, 0.683817, -0.000000, -0.730)
ability(2, 692.569)
airDropAbility(-30.938, 0.966, -33.616, "1", 213.368437, -22.240999, 1.125000, -3.575719, -0.729654, 0.000000, -0.683817, 0.000000, 1.000000, -0.000000, 0.683817, -0.000000, -0.730)
ability(1, 698.519)
activateAbility(16.071, 2.339, 18.749, "Drop The Beat", 698.637)
ability(2, 698.902)
airDropAbility(-30.938, 0.966, -33.616, "1", 239.478970, -18.603973, 1.125000, -20.803032, -0.887436, 0.000000, -0.460932, 0.000000, 1.000000, -0.000000, 0.460932, -0.000000, -0.887)
ability(2, 700.355)
airDropAbility(-36.164, 0.966, -33.675, "1", 260.311806, -31.381264, 1.125000, -10.185387, -0.301108, 0.000000, -0.953590, 0.000000, 1.000000, -0.000000, 0.953590, -0.000000, -0.301)
ability(2, 731.407)
ability(2, 733.920)
airDropAbility(-36.164, 0.966, -33.675, "1", 224.119740, -14.378709, 1.125000, -7.519751, -0.772666, 0.000000, -0.634813, 0.000000, 1.000000, -0.000000, 0.634813, -0.000000, -0.773)
ability(1, 742.471)
activateAbility(16.071, 2.339, 18.749, "Drop The Beat", 742.606)
upgrade(-36.164, 0.966, -33.675, 40590, 767.836)
ability(1, 771.468)
activateAbility(16.071, 2.339, 18.749, "Drop The Beat", 771.621)
upgrade(16.938, 0.951, 6.710, 14232, 773.065)
ability(2, 775.260)
airDropAbility(16.938, 0.951, 6.710, "1", 199.235796, -25.816919, 1.125000, 9.014305, -0.297367, 0.000000, -0.954763, 0.000000, 1.000000, -0.000000, 0.954763, -0.000000, -0.297)
ability(2, 781.418)
airDropAbility(-30.938, 0.966, -33.616, "1", 75.305966, 12.997909, 1.125000, 16.165884, 0.409651, 0.000000, 0.912242, 0.000000, 1.000000, -0.000000, -0.912242, 0.000000, 0.410)
ability(1, 803.825)
activateAbility(16.071, 2.339, 18.749, "Drop The Beat", 803.920)
upgrade(16.938, 0.951, 6.710, 22355, 807.136)
ability(2, 814.119)
airDropAbility(-36.164, 0.966, -33.675, "1", 103.539104, 25.500002, 1.125000, 9.431332, -0.717341, 0.000000, 0.696723, 0.000000, 1.000000, -0.000000, -0.696723, 0.000000, -0.717)
upgrade(16.071, 2.339, 18.749, 27589, 831.845)
ability(1, 833.016)
ability(1, 834.900)
ability(1, 836.249)
ability(1, 836.483)
ability(1, 836.766)
ability(1, 837.031)
ability(1, 837.631)
activateAbility(16.071, 2.339, 18.749, "Drop The Beat", 833.133)
activateAbility(16.071, 2.339, 18.749, "Drop The Beat", 835.001)
activateAbility(16.071, 2.339, 18.749, "Drop The Beat", 836.335)
activateAbility(16.071, 2.339, 18.749, "Drop The Beat", 836.552)
activateAbility(16.071, 2.339, 18.749, "Drop The Beat", 836.887)
activateAbility(16.071, 2.339, 18.749, "Drop The Beat", 837.116)
activateAbility(16.071, 2.339, 18.749, "Drop The Beat", 837.751)
upgrade(16.071, 2.339, 18.749, 44393, 851.900)
ability(2, 857.449)
airDropAbility(16.938, 0.951, 6.710, "1", 131.675528, 14.213678, 1.125000, -7.500000, -0.993542, 0.000000, 0.113467, 0.000000, 1.000000, -0.000000, -0.113467, 0.000000, -0.994)
ability(2, 859.551)
ability(2, 862.088)
ability(2, 862.768)
ability(2, 862.964)
ability(2, 863.145)
airDropAbility(-30.938, 0.966, -33.616, "1", 131.675528, 14.068392, 1.125000, -7.500000, -0.994266, 0.000000, 0.106940, 0.000000, 1.000000, -0.000000, -0.106940, 0.000000, -0.994)
ability(2, 863.340)
airDropAbility(-30.938, 0.966, -33.616, "1", 131.675528, 14.068392, 1.125000, -7.500000, -0.994266, 0.000000, 0.106940, 0.000000, 1.000000, -0.000000, -0.106940, 0.000000, -0.994)
ability(2, 863.508)
ability(2, 863.674)
place(9.834, 0.930, 10.774, "Accelerator", 57054, 881.734)
task.wait(1)
upgrade(9.834, 2.280, 10.774, 52714, 882.718)
upgrade(9.834, 2.280, 10.774, 51870, 882.862)
upgrade(9.834, 2.280, 10.774, 49752, 883.013)
upgrade(9.834, 2.280, 10.774, 45989, 883.160)
upgrade(9.834, 2.280, 10.774, 36919, 883.314)
place(9.967, 0.920, 13.778, "Accelerator", 12510, 887.708)
task.wait(1)
upgrade(9.967, 2.270, 13.778, 8390, 888.516)
upgrade(9.967, 2.270, 13.778, 7567, 888.670)
upgrade(9.967, 2.270, 13.778, 5449, 888.785)
ability(1, 890.874)
activateAbility(16.071, 2.339, 18.749, "Drop The Beat", 890.978)
upgrade(9.967, 2.270, 13.778, 10253, 898.573)
upgrade(9.967, 2.270, 13.778, 34414, 925.988)
ability(1, 926.763)
activateAbility(16.071, 2.339, 18.749, "Drop The Beat", 926.868)
place(12.856, 0.945, 10.535, "Accelerator", 17936, 930.783)
task.wait(1)
upgrade(12.856, 2.295, 10.535, 13852, 931.594)
upgrade(12.856, 2.295, 10.535, 13092, 931.785)
upgrade(12.856, 2.295, 10.535, 11380, 931.932)
upgrade(12.856, 2.295, 10.535, 13127, 934.013)
upgrade(12.856, 2.295, 10.535, 31045, 954.176)
place(12.984, 0.935, 13.572, "Accelerator", 14995, 957.900)
task.wait(1)
upgrade(12.984, 2.285, 13.572, 13395, 958.930)
upgrade(12.984, 2.285, 13.572, 12996, 959.131)
upgrade(12.984, 2.285, 13.572, 13770, 959.923)
upgrade(12.984, 2.285, 13.572, 14132, 963.316)
ability(1, 966.629)
activateAbility(16.071, 2.339, 18.749, "Drop The Beat", 966.730)
upgrade(12.984, 2.285, 13.572, 35481, 977.209)
place(15.911, 0.960, 10.427, "Accelerator", 17852, 983.041)
task.wait(1)
upgrade(15.911, 2.310, 10.427, 13802, 984.095)
upgrade(15.911, 2.310, 10.427, 12956, 984.246)
upgrade(15.911, 2.310, 10.427, 10975, 984.400)
upgrade(15.911, 2.310, 10.427, 6824, 984.508)
ability(2, 993.113)
airDropAbility(16.938, 0.951, 6.710, "1", 169.039996, -7.381082, 1.125000, 9.240530, -0.748007, 0.000000, -0.663691, 0.000000, 1.000000, -0.000000, 0.663691, -0.000000, -0.748)
ability(2, 994.202)
airDropAbility(-30.938, 0.966, -33.616, "1", 169.039996, -7.381082, 1.125000, 9.240530, -0.748007, 0.000000, -0.663691, 0.000000, 1.000000, -0.000000, 0.663691, -0.000000, -0.748)
ability(2, 994.815)
airDropAbility(-36.164, 0.966, -33.675, "1", 169.039996, -7.381082, 1.125000, 9.240530, -0.748007, 0.000000, -0.663691, 0.000000, 1.000000, -0.000000, 0.663691, -0.000000, -0.748)
ability(1, 1010.650)
activateAbility(16.071, 2.339, 18.749, "Drop The Beat", 1010.770)
upgrade(15.911, 2.310, 10.427, 14263, 1012.253)
upgrade(15.911, 2.310, 10.427, 37527, 1028.258)
place(15.992, 0.949, 13.505, "Accelerator", 26127, 1032.939)
task.wait(1)
upgrade(15.992, 2.299, 13.505, 22201, 1033.581)
upgrade(15.992, 2.299, 13.505, 21388, 1033.762)
upgrade(15.992, 2.299, 13.505, 19318, 1033.900)
upgrade(15.992, 2.299, 13.505, 15223, 1034.039)
upgrade(15.992, 2.299, 13.505, 6551, 1034.174)
ability(1, 1052.566)
activateAbility(16.071, 2.339, 18.749, "Drop The Beat", 1052.666)
upgrade(15.992, 2.299, 13.505, 44881, 1054.450)
place(18.951, 0.974, 10.156, "Accelerator", 27246, 1059.228)
task.wait(1)
upgrade(18.951, 2.324, 10.156, 24381, 1059.999)
upgrade(18.951, 2.324, 10.156, 23532, 1060.193)
upgrade(18.951, 2.324, 10.156, 21408, 1060.384)
upgrade(18.951, 2.324, 10.156, 17918, 1060.508)
upgrade(18.951, 2.324, 10.156, 8009, 1060.633)
upgrade(18.951, 2.324, 10.156, 32674, 1071.415)
place(19.023, 0.965, 13.181, "Accelerator", 5263, 1077.514)
task.wait(1)
upgrade(19.023, 2.315, 13.181, 6648, 1078.976)
upgrade(19.023, 2.315, 13.181, 6869, 1079.792)
upgrade(19.023, 2.315, 13.181, 12769, 1080.561)
upgrade(19.023, 2.315, 13.181, 14392, 1081.779)
ability(1, 1087.050)
activateAbility(16.071, 2.339, 18.749, "Drop The Beat", 1087.184)
ability(2, 1099.320)
airDropAbility(16.938, 0.951, 6.710, "1", 109.963104, 25.500000, 1.125000, 3.471416, -0.560281, 0.000000, 0.828303, 0.000000, 1.000000, -0.000000, -0.828303, 0.000000, -0.560)
ability(2, 1099.899)
airDropAbility(-30.938, 0.966, -33.616, "1", 109.963104, 25.500000, 1.125000, 3.471416, -0.560281, 0.000000, 0.828303, 0.000000, 1.000000, -0.000000, -0.828303, 0.000000, -0.560)
ability(2, 1100.423)
airDropAbility(-36.164, 0.966, -33.675, "1", 109.963104, 25.500000, 1.125000, 3.472841, -0.560231, 0.000000, 0.828336, 0.000000, 1.000000, -0.000000, -0.828336, 0.000000, -0.560)
upgrade(19.023, 2.315, 13.181, 45976, 1102.197)
place(11.199, 3.979, 9.043, "Ranger", 15576, 1108.553)
task.wait(1)
upgrade(11.199, 5.329, 9.043, 11076, 1109.675)
upgrade(11.199, 5.329, 9.043, 9801, 1109.931)
ability(1, 1112.472)
upgrade(11.199, 5.329, 9.043, 15611, 1115.366)
ability(1, 1118.137)
activateAbility(16.071, 2.339, 18.749, "Drop The Beat", 1118.233)
upgrade(11.199, 5.329, 9.043, 26501, 1124.003)
place(13.779, 4.293, 7.520, "Ranger", 16672, 1131.007)
task.wait(1)
upgrade(13.779, 5.643, 7.520, 15571, 1132.067)
upgrade(13.779, 5.643, 7.520, 15962, 1132.315)
upgrade(13.779, 5.643, 7.520, 16641, 1133.269)
upgrade(13.779, 5.643, 7.520, 31226, 1140.275)
place(8.389, 4.188, 7.912, "Ranger", 30742, 1147.952)
task.wait(1)
upgrade(8.389, 5.538, 7.912, 28241, 1149.396)
upgrade(8.389, 5.538, 7.912, 26967, 1149.671)
upgrade(8.389, 5.538, 7.912, 25084, 1150.136)
ability(1, 1151.381)
activateAbility(16.071, 2.339, 18.749, "Drop The Beat", 1151.502)
upgrade(8.389, 5.538, 7.912, 25917, 1157.911)
place(10.809, 4.514, 6.084, "Ranger", 12303, 1169.221)
task.wait(1)
upgrade(10.809, 5.864, 6.084, 7804, 1170.175)
upgrade(10.809, 5.864, 6.084, 6529, 1170.738)
upgrade(10.809, 5.864, 6.084, 18015, 1175.510)
upgrade(10.809, 5.864, 6.084, 33794, 1182.926)
place(13.409, 4.356, 4.529, "Ranger", 24380, 1188.921)
task.wait(1)
upgrade(13.409, 5.706, 4.529, 30029, 1190.109)
upgrade(13.409, 5.706, 4.529, 31501, 1190.661)
upgrade(13.409, 5.706, 4.529, 31662, 1191.547)
upgrade(13.409, 5.706, 4.529, 31161, 1193.179)
ability(1, 1194.968)
activateAbility(16.071, 2.339, 18.749, "Drop The Beat", 1195.079)
place(5.616, 4.550, 6.693, "Ranger", 28311, 1200.418)
task.wait(1)
upgrade(5.616, 5.900, 6.693, 28267, 1201.437)
upgrade(5.616, 5.900, 6.693, 27193, 1201.933)
upgrade(5.616, 5.900, 6.693, 24765, 1202.810)
upgrade(5.616, 5.900, 6.693, 33489, 1215.111)
place(7.955, 4.575, 4.792, "Ranger", 23106, 1218.820)
task.wait(1)
upgrade(7.955, 5.925, 4.792, 24290, 1220.044)
upgrade(7.955, 5.925, 4.792, 23210, 1220.277)
upgrade(7.955, 5.925, 4.792, 19790, 1221.006)
ability(1, 1223.914)
activateAbility(16.071, 2.339, 18.749, "Drop The Beat", 1224.018)
upgrade(7.955, 5.925, 4.792, 25965, 1226.466)
ability(2, 1234.025)
airDropAbility(16.938, 0.951, 6.710, "1", 136.799529, 7.906664, 1.125000, -7.500000, -0.996067, 0.000000, -0.088607, 0.000000, 1.000000, -0.000000, 0.088607, -0.000000, -0.996)
ability(2, 1237.459)
airDropAbility(16.938, 0.951, 6.710, "1", 139.307528, 7.643831, 1.125000, -7.500000, -0.995312, 0.000000, -0.096719, 0.000000, 1.000000, -0.000000, 0.096719, -0.000000, -0.995)
ability(2, 1246.410)
airDropAbility(16.938, 0.951, 6.710, "1", 136.799529, 8.998916, 1.125000, -7.500000, -0.997378, 0.000000, -0.072366, 0.000000, 1.000000, -0.000000, 0.072366, -0.000000, -0.997)
ability(2, 1247.123)
airDropAbility(-30.938, 0.966, -33.616, "1", 136.799529, 8.998916, 1.125000, -7.500000, -0.997378, 0.000000, -0.072366, 0.000000, 1.000000, -0.000000, 0.072366, -0.000000, -0.997)
ability(2, 1247.766)
airDropAbility(-36.164, 0.966, -33.675, "1", 136.799529, 8.998916, 1.125000, -7.500000, -0.997378, 0.000000, -0.072366, 0.000000, 1.000000, -0.000000, 0.072366, -0.000000, -0.997)
ability(1, 1266.292)
activateAbility(16.071, 2.339, 18.749, "Drop The Beat", 1266.452)
switchTrack(16.071, 2.339, 18.749, "Red", 1267.569)
ability(1, 1310.528)
activateAbility(16.071, 2.339, 18.749, "Drop The Beat", 1310.701)
ability(2, 1327.790)
airDropAbility(16.938, 0.951, 6.710, "1", 286.348139, -33.500000, 1.125000, -26.099876, -0.835524, 0.000000, -0.549455, 0.000000, 1.000000, -0.000000, 0.549455, -0.000000, -0.836)
ability(2, 1328.523)
airDropAbility(-30.938, 0.966, -33.616, "1", 286.348139, -33.500000, 1.125000, -26.099876, -0.835524, 0.000000, -0.549455, 0.000000, 1.000000, -0.000000, 0.549455, -0.000000, -0.836)
ability(2, 1329.203)
airDropAbility(-36.164, 0.966, -33.675, "1", 286.348139, -33.500000, 1.125000, -26.099876, -0.835524, 0.000000, -0.549455, 0.000000, 1.000000, -0.000000, 0.549455, -0.000000, -0.836)
ability(1, 1360.107)
activateAbility(16.071, 2.339, 18.749, "Drop The Beat", 1360.205)
ability(1, 1394.834)
activateAbility(16.071, 2.339, 18.749, "Drop The Beat", 1394.992)
switchUnit(-30.938, 0.966, -33.616, "Unit 1", "Riot Guard", 1398.635)
switchUnit(-36.164, 0.966, -33.675, "Unit 1", "Riot Guard", 1401.571)
switchUnit(-36.164, 0.966, -33.675, "Unit 2", "Riot Guard", 1401.875)
switchUnit(-36.164, 0.966, -33.675, "Unit 3", "Riot Guard", 1402.211)
switchUnit(-30.938, 0.966, -33.616, "Unit 2", "Riot Guard", 1406.038)
switchUnit(-30.938, 0.966, -33.616, "Unit 3", "Riot Guard", 1407.447)
ability(1, 1424.649)
activateAbility(16.071, 2.339, 18.749, "Drop The Beat", 1424.814)
ability(2, 1439.505)
airDropAbility(16.938, 0.951, 6.710, "1", 58.610366, 0.153679, 1.125000, 24.486717, -0.871611, 0.000000, -0.490198, 0.000000, 1.000000, -0.000000, 0.490198, -0.000000, -0.872)
ability(2, 1440.545)
airDropAbility(-30.938, 0.966, -33.616, "1", 58.610366, 0.176870, 1.125000, 23.894590, -0.886568, 0.000000, -0.462597, 0.000000, 1.000000, -0.000000, 0.462597, -0.000000, -0.887)
ability(2, 1441.464)
airDropAbility(-36.164, 0.966, -33.675, "1", 60.895006, 0.344547, 1.125000, 20.971622, -0.935713, 0.000000, -0.352763, 0.000000, 1.000000, -0.000000, 0.352763, -0.000000, -0.936)
ability(1, 1455.718)
activateAbility(16.071, 2.339, 18.749, "Drop The Beat", 1455.853)
ability(1, 1485.741)
activateAbility(16.071, 2.339, 18.749, "Drop The Beat", 1485.889)
ability(2, 1517.732)
airDropAbility(16.938, 0.951, 6.710, "1", 121.970168, 23.254957, 1.125000, -7.228991, -0.952389, 0.000000, 0.304885, 0.000000, 1.000000, -0.000000, -0.304885, 0.000000, -0.952)
ability(2, 1519.199)
airDropAbility(16.938, 0.951, 6.710, "1", 121.970168, 22.775988, 1.125000, -7.400928, -0.961822, 0.000000, 0.273676, 0.000000, 1.000000, -0.000000, -0.273676, 0.000000, -0.962)
ability(2, 1519.985)
airDropAbility(16.938, 0.951, 6.710, "1", 124.446441, 20.762003, 1.125000, -7.702873, -0.989317, 0.000000, 0.145781, 0.000000, 1.000000, -0.000000, -0.145781, 0.000000, -0.989)
ability(2, 1528.933)
airDropAbility(-30.938, 0.966, -33.616, "1", 136.799529, 8.789351, 1.125000, -7.500000, -0.993700, 0.000000, -0.112069, 0.000000, 1.000000, -0.000000, 0.112069, -0.000000, -0.994)
ability(2, 1530.186)
airDropAbility(-36.164, 0.966, -33.675, "1", 139.307528, 7.297083, 1.125000, -7.500000, -0.978509, 0.000000, -0.206207, 0.000000, 1.000000, -0.000000, 0.206207, -0.000000, -0.979)
sell(17.072, 2.335, 30.100, 1541.138)
sell(14.002, 2.330, 30.072, 1541.952)
sell(11.000, 2.326, 29.885, 1542.799)
sell(10.855, 2.324, 26.855, 1543.438)
sell(10.951, 2.321, 23.828, 1544.017)
sell(10.922, 2.319, 20.819, 1544.581)
sell(13.903, 2.328, 27.034, 1545.398)
sell(13.995, 2.326, 24.009, 1545.971)
sell(16.958, 2.332, 27.051, 1546.602)
sell(17.081, 2.330, 24.041, 1547.068)
place(-20.963, 1.005, 0.243, "Cowboy", 1095545, 1549.001)
place(-17.818, 1.001, -0.158, "Cowboy", 1095045, 1549.708)
place(-13.726, 0.967, 0.103, "Cowboy", 1094545, 1550.300)
place(-10.317, 0.962, -0.005, "Cowboy", 1094045, 1550.923)
place(-20.297, 0.994, 3.799, "Cowboy", 1093545, 1552.029)
place(-16.757, 0.961, 3.588, "Cowboy", 1093045, 1552.622)
place(-13.281, 0.954, 3.803, "Cowboy", 1092545, 1553.130)
place(-10.231, 0.950, 3.385, "Cowboy", 1092045, 1554.852)
place(-17.602, 0.977, 7.355, "Cowboy", 1091545, 1555.714)
place(-12.954, 0.942, 7.182, "Cowboy", 1091045, 1556.372)
task.wait(1)
upgrade(-12.954, 2.292, 7.182, 1090545, 1557.079)
upgrade(-12.954, 2.292, 7.182, 1090397, 1557.249)
upgrade(-12.954, 2.292, 7.182, 1089852, 1557.408)
upgrade(-12.954, 2.292, 7.182, 1088371, 1557.558)
upgrade(-12.954, 2.292, 7.182, 1085345, 1557.993)
upgrade(-17.602, 2.327, 7.355, 1080095, 1559.024)
upgrade(-17.602, 2.327, 7.355, 1079946, 1559.209)
upgrade(-17.602, 2.327, 7.355, 1079401, 1559.386)
upgrade(-17.602, 2.327, 7.355, 1077897, 1559.582)
upgrade(-20.297, 2.344, 3.799, 1074895, 1560.146)
upgrade(-20.297, 2.344, 3.799, 1074745, 1560.360)
upgrade(-20.297, 2.344, 3.799, 1074201, 1560.540)
upgrade(-20.297, 2.344, 3.799, 1072704, 1560.722)
upgrade(-16.757, 2.311, 3.588, 1069695, 1561.205)
upgrade(-16.757, 2.311, 3.588, 1069546, 1561.398)
upgrade(-16.757, 2.311, 3.588, 1068997, 1561.549)
upgrade(-16.757, 2.311, 3.588, 1067500, 1561.748)
upgrade(-13.281, 2.304, 3.803, 1064495, 1562.264)
upgrade(-13.281, 2.304, 3.803, 1064345, 1562.480)
upgrade(-13.281, 2.304, 3.803, 1063806, 1562.671)
upgrade(-10.231, 2.300, 3.385, 1062295, 1563.276)
upgrade(-10.231, 2.300, 3.385, 1062147, 1563.473)
upgrade(-10.231, 2.300, 3.385, 1061599, 1563.635)
upgrade(-10.317, 2.312, -0.005, 1060095, 1564.249)
upgrade(-10.317, 2.312, -0.005, 1059946, 1564.440)
upgrade(-10.317, 2.312, -0.005, 1059395, 1564.612)
upgrade(-13.726, 2.317, 0.103, 1057895, 1565.251)
upgrade(-13.726, 2.317, 0.103, 1057571, 1565.421)
upgrade(-13.726, 2.317, 0.103, 1057198, 1565.587)
upgrade(-17.818, 2.351, -0.158, 1055975, 1566.120)
upgrade(-17.818, 2.351, -0.158, 1055975, 1566.122)
upgrade(-17.818, 2.351, -0.158, 1055400, 1566.326)
upgrade(-20.963, 2.355, 0.243, 1053795, 1567.015)
upgrade(-20.963, 2.355, 0.243, 1053691, 1567.189)
upgrade(-20.963, 2.355, 0.243, 1053195, 1567.875)
upgrade(-20.963, 2.355, 0.243, 1051695, 1569.006)
upgrade(-20.963, 2.355, 0.243, 1048695, 1569.718)
upgrade(-20.297, 2.344, 3.799, 1043445, 1570.914)
upgrade(-17.602, 2.327, 7.355, 1038195, 1571.954)
upgrade(-16.757, 2.311, 3.588, 1032945, 1572.503)
upgrade(-16.757, 2.311, 3.588, 1027695, 1572.967)
upgrade(-13.281, 2.304, 3.803, 1027945, 1573.836)
upgrade(-13.281, 2.304, 3.803, 1024999, 1574.025)
upgrade(-10.231, 2.300, 3.385, 1019792, 1574.589)
upgrade(-10.231, 2.300, 3.385, 1016811, 1574.781)
upgrade(-10.317, 2.312, -0.005, 1011545, 1575.599)
upgrade(-10.317, 2.312, -0.005, 1008596, 1575.795)
upgrade(-13.726, 2.317, 0.103, 1003295, 1576.382)
upgrade(-13.726, 2.317, 0.103, 1000308, 1576.543)
upgrade(-17.818, 2.351, -0.158, 1007545, 1577.144)
upgrade(-17.818, 2.351, -0.158, 1004550, 1577.300)
ability(1, 1578.898)
activateAbility(16.071, 2.339, 18.749, "Drop The Beat", 1579.025)
